image_width: 1333
image_height: 990
camera_name: "camera_gripper"
camera_matrix:
  rows: 3
  cols: 3
  data: [1000.0, 0.0, 666.5, 0.0, 1000.0, 495.0, 0.0, 0.0, 1.0]
distortion_model: plumb_bob
distortion_coefficients:
  rows: 1
  cols: 5
  data: [0.1, -0.25, 0.0, 0.0, 0.0]
rectification_matrix:
  rows: 3
  cols: 3
  data: [1.0, 0.0, 0.0, 0.0, 1.0, 0.0, 0.0, 0.0, 1.0]
projection_matrix:
  rows: 3
  cols: 4
  data: [1000.0, 0.0, 666.5, 0.0, 0.0, 1000.0, 495.0, 0.0, 0.0, 0.0, 1.0, 0.0]