image_width: 1333
image_height: 990
camera_name: narrow_stereo
camera_matrix:
  rows: 3
  cols: 3
  data: [536.6129 ,  -1.18249, 666.1006 ,
           0.     , 538.42925, 498.70068,
           0.     ,   0.     ,   1.     ]
distortion_model: equidistant
distortion_coefficients:
  rows: 1
  cols: 4
  data: [-0.089828, 0.253460, 0.176064, -0.197605]
rectification_matrix:
  rows: 3
  cols: 3
  data: [1., 0., 0.,
         0., 1., 0.,
         0., 0., 1.]
projection_matrix:
  rows: 3
  cols: 4
  data: [536.6129 ,  -1.18249, 666.1006 ,   0.     ,
           0.     , 538.42925, 498.70068,   0.     ,
           0.     ,   0.     ,   1.     ,   0.     ]